- AES
    - XTS
- Public key cryptography
- Diffie Helman
- PGP
- RSA
- Hashes
    - MD5
    - SHA256
- Message Authentication codes
- Entropy
- Certificate / Certificate Authority
- Block Chain
- Go back over secure OTA
- Cookies??

- Latches
- Flip Flops
- NOR / NAND memory
- ring oscilator

[82, 111, 108, 108, 105, 110, 39, 32, 105, 110, 32, 109, 121, 
32, 53, 46, 48, 10, 87, 105, 116, 104, 32, 109, 121, 32, 114, 
97, 103, 45, 116, 111, 112, 32, 100, 111, 119, 110, 32, 115, 
111, 32, 109, 121, 32, 104, 97, 105, 114, 32, 99, 97, 110, 32, 
98, 108, 111, 119, 10, 84, 104, 101, 32, 103, 105, 114, 108, 105, 
101, 115, 32, 111, 110, 32, 115, 116, 97, 110, 100, 98, 121, 32, 
119, 97, 118, 105, 110, 103, 32, 106, 117, 115, 116, 32, 116, 111, 
32, 115, 97, 121, 32, 104, 105, 10, 68, 105, 100, 32, 121, 111, 117, 
32, 115, 116, 111, 112, 63, 32, 78, 111, 44, 32, 73, 32, 106, 117, 
115, 116, 32, 100, 114, 111, 118, 101, 32, 98, 121, 10]
